[DEBUG] items, max: 100 4000
0 0 0 
1 55 147 
2 96 22 
3 46 62 
4 41 179 
5 69 150 
6 87 252 
7 98 11 
8 40 23 
9 27 251 
10 50 200 
11 59 196 
12 26 119 
13 54 59 
14 21 74 
15 1 96 
16 51 7 
17 95 46 
18 80 140 
19 60 121 
20 70 28 
21 22 9 
22 31 219 
23 19 71 
24 42 45 
25 73 143 
26 44 83 
27 91 22 
28 53 144 
29 32 173 
30 69 232 
31 21 219 
32 39 15 
33 17 18 
34 6 176 
35 90 275 
36 55 211 
37 83 38 
38 30 53 
39 60 123 
40 49 232 
41 65 145 
42 66 107 
43 66 18 
44 2 297 
45 42 271 
46 81 14 
47 41 271 
48 28 9 
49 40 285 
50 36 230 
51 12 243 
52 92 46 
53 80 21 
54 99 139 
55 43 247 
56 22 160 
57 43 239 
58 18 8 
59 56 20 
60 57 249 
61 42 89 
62 63 34 
63 59 42 
64 95 150 
65 79 30 
66 31 90 
67 24 23 
68 35 3 
69 43 285 
70 93 238 
71 84 14 
72 49 126 
73 4 166 
74 86 11 
75 37 294 
76 60 30 
77 82 274 
78 16 192 
79 67 210 
80 93 145 
81 91 224 
82 34 15 
83 98 121 
84 69 40 
85 57 262 
86 29 192 
87 27 177 
88 70 31 
89 95 7 
90 41 83 
91 100 52 
92 65 133 
93 77 280 
94 76 144 
95 41 168 
96 88 231 
97 43 274 
98 97 140 
99 46 66 
100 32 2 
[DEBUG] items, max: 1000 40000
0 0 0 
1 27 12 
2 94 105 
3 41 15 
4 87 35 
5 21 280 
6 69 20 
7 31 33 
8 4 160 
9 64 31 
10 3 4 
11 50 290 
12 35 93 
13 15 231 
14 84 160 
15 48 267 
16 62 126 
17 79 107 
18 31 219 
19 21 169 
20 5 193 
21 48 173 
22 12 231 
23 58 167 
24 90 21 
25 97 92 
26 25 146 
27 33 11 
28 90 148 
29 93 274 
30 59 41 
31 40 220 
32 66 270 
33 78 148 
34 88 250 
35 17 244 
36 42 164 
37 69 105 
38 94 178 
39 71 235 
40 98 219 
41 78 274 
42 65 263 
43 36 54 
44 10 29 
45 79 168 
46 69 71 
47 40 286 
48 40 269 
49 34 280 
50 19 202 
51 75 60 
52 65 195 
53 17 211 
54 72 187 
55 97 270 
56 6 275 
57 95 222 
58 37 31 
59 27 98 
60 59 158 
61 17 179 
62 28 156 
63 16 19 
64 77 49 
65 50 95 
66 50 77 
67 6 67 
68 71 122 
69 29 43 
70 9 225 
71 64 166 
72 99 58 
73 39 187 
74 40 217 
75 84 250 
76 74 1 
77 80 53 
78 8 96 
79 24 84 
80 96 225 
81 30 198 
82 1 136 
83 64 272 
84 57 292 
85 66 17 
86 68 129 
87 82 167 
88 38 72 
89 5 130 
90 89 89 
91 79 62 
92 41 11 
93 67 48 
94 6 290 
95 84 1 
96 14 113 
97 98 215 
98 48 213 
99 38 205 
100 56 55 
101 73 224 
102 35 207 
103 42 172 
104 78 246 
105 53 266 
106 34 184 
107 80 226 
108 94 246 
109 74 51 
110 87 209 
111 51 200 
112 21 1 
113 66 21 
114 65 155 
115 77 221 
116 9 249 
117 44 143 
118 55 37 
119 67 185 
120 82 171 
121 2 68 
122 54 281 
123 93 299 
124 78 18 
125 49 16 
126 26 152 
127 68 299 
128 52 133 
129 19 168 
130 40 47 
131 88 300 
132 95 283 
133 95 202 
134 19 13 
135 86 53 
136 83 287 
137 20 289 
138 20 112 
139 87 49 
140 30 36 
141 65 107 
142 87 32 
143 5 90 
144 16 175 
145 9 255 
146 21 97 
147 7 216 
148 31 201 
149 69 150 
150 13 254 
151 2 147 
152 40 73 
153 35 11 
154 84 122 
155 60 65 
156 9 124 
157 24 147 
158 55 28 
159 88 122 
160 3 296 
161 29 123 
162 44 135 
163 90 275 
164 35 258 
165 76 299 
166 63 129 
167 45 255 
168 1 32 
169 65 136 
170 5 24 
171 53 113 
172 47 176 
173 11 53 
174 3 298 
175 27 157 
176 93 55 
177 32 137 
178 89 173 
179 63 275 
180 83 38 
181 73 145 
182 66 169 
183 99 118 
184 100 64 
185 53 104 
186 39 205 
187 16 38 
188 32 278 
189 90 87 
190 75 68 
191 95 20 
192 22 26 
193 56 10 
194 51 18 
195 84 133 
196 7 256 
197 29 272 
198 77 128 
199 41 76 
200 43 93 
201 80 81 
202 50 147 
203 18 233 
204 25 260 
205 19 151 
206 27 14 
207 70 149 
208 91 77 
209 10 41 
210 46 194 
211 25 252 
212 1 254 
213 75 77 
214 33 115 
215 5 75 
216 60 136 
217 7 61 
218 34 25 
219 93 210 
220 84 12 
221 61 62 
222 77 230 
223 62 219 
224 59 172 
225 60 204 
226 65 236 
227 56 17 
228 89 182 
229 46 73 
230 49 50 
231 47 8 
232 85 54 
233 68 270 
234 30 112 
235 80 165 
236 75 240 
237 26 3 
238 21 188 
239 22 279 
240 59 181 
241 83 175 
242 68 90 
243 43 109 
244 23 88 
245 81 71 
246 37 80 
247 78 73 
248 85 197 
249 43 14 
250 61 222 
251 30 235 
252 13 155 
253 38 185 
254 94 159 
255 64 204 
256 91 98 
257 30 258 
258 39 73 
259 18 261 
260 60 299 
261 32 49 
262 78 161 
263 21 14 
264 10 215 
265 27 170 
266 88 8 
267 56 100 
268 62 145 
269 85 8 
270 55 200 
271 11 145 
272 49 41 
273 55 287 
274 65 272 
275 99 24 
276 70 82 
277 72 99 
278 95 245 
279 12 156 
280 59 190 
281 25 47 
282 97 232 
283 98 111 
284 77 234 
285 70 131 
286 85 132 
287 28 233 
288 24 182 
289 71 88 
290 5 22 
291 12 227 
292 3 235 
293 77 149 
294 79 241 
295 4 90 
296 82 80 
297 88 131 
298 12 137 
299 41 140 
300 71 162 
301 22 7 
302 93 101 
303 40 217 
304 34 262 
305 4 239 
306 35 167 
307 17 190 
308 2 293 
309 38 32 
310 33 42 
311 21 115 
312 73 60 
313 45 236 
314 97 237 
315 27 19 
316 98 149 
317 25 90 
318 49 16 
319 58 35 
320 30 62 
321 73 64 
322 28 189 
323 53 81 
324 33 291 
325 13 166 
326 84 285 
327 32 256 
328 97 28 
329 92 293 
330 64 70 
331 63 113 
332 18 87 
333 2 219 
334 55 12 
335 53 184 
336 73 277 
337 47 52 
338 17 200 
339 33 149 
340 90 297 
341 14 25 
342 33 97 
343 32 129 
344 24 275 
345 73 139 
346 45 235 
347 51 14 
348 74 205 
349 32 228 
350 16 236 
351 11 40 
352 12 57 
353 91 180 
354 8 275 
355 29 249 
356 71 94 
357 73 4 
358 91 5 
359 84 66 
360 79 57 
361 5 23 
362 91 155 
363 37 64 
364 59 20 
365 91 26 
366 8 153 
367 65 271 
368 10 156 
369 51 269 
370 30 179 
371 18 153 
372 72 190 
373 8 214 
374 46 91 
375 80 277 
376 47 236 
377 51 138 
378 90 139 
379 53 201 
380 59 244 
381 26 166 
382 48 291 
383 88 57 
384 98 38 
385 78 79 
386 16 295 
387 31 240 
388 36 190 
389 5 234 
390 81 236 
391 10 127 
392 71 260 
393 16 261 
394 99 269 
395 13 9 
396 64 138 
397 26 111 
398 80 113 
399 20 77 
400 51 297 
401 56 118 
402 43 138 
403 9 278 
404 28 14 
405 11 8 
406 49 172 
407 86 120 
408 32 254 
409 32 282 
410 22 44 
411 90 185 
412 33 215 
413 47 113 
414 79 266 
415 41 229 
416 14 148 
417 47 56 
418 38 155 
419 34 65 
420 20 296 
421 24 169 
422 20 61 
423 40 103 
424 14 223 
425 84 235 
426 18 125 
427 71 250 
428 91 218 
429 14 169 
430 35 107 
431 50 249 
432 54 196 
433 4 291 
434 2 89 
435 7 74 
436 37 230 
437 42 56 
438 43 33 
439 58 56 
440 7 293 
441 43 24 
442 17 213 
443 25 207 
444 82 139 
445 27 117 
446 45 276 
447 17 250 
448 23 120 
449 93 77 
450 61 99 
451 50 97 
452 81 143 
453 4 123 
454 75 61 
455 78 181 
456 53 272 
457 56 221 
458 85 280 
459 79 118 
460 70 5 
461 34 166 
462 33 50 
463 16 255 
464 22 108 
465 31 182 
466 58 180 
467 30 38 
468 22 233 
469 12 248 
470 45 142 
471 80 149 
472 13 135 
473 69 49 
474 67 299 
475 67 36 
476 55 152 
477 2 87 
478 2 69 
479 94 175 
480 28 176 
481 8 185 
482 8 137 
483 75 129 
484 21 238 
485 29 165 
486 79 60 
487 13 244 
488 95 133 
489 92 113 
490 83 158 
491 48 237 
492 10 101 
493 76 263 
494 69 221 
495 37 148 
496 96 296 
497 33 203 
498 32 59 
499 84 252 
500 96 264 
501 68 127 
502 23 232 
503 70 269 
504 16 61 
505 81 298 
506 71 281 
507 34 32 
508 81 61 
509 94 2 
510 81 182 
511 49 77 
512 29 233 
513 31 60 
514 43 166 
515 63 39 
516 29 282 
517 17 152 
518 13 286 
519 20 28 
520 98 201 
521 77 120 
522 81 10 
523 51 13 
524 23 196 
525 14 103 
526 29 215 
527 31 57 
528 99 262 
529 68 242 
530 27 282 
531 80 8 
532 63 196 
533 59 227 
534 33 30 
535 6 82 
536 30 82 
537 2 162 
538 44 104 
539 27 266 
540 100 292 
541 20 180 
542 6 51 
543 37 157 
544 12 156 
545 98 190 
546 90 129 
547 97 204 
548 24 107 
549 31 8 
550 37 188 
551 89 118 
552 22 290 
553 80 165 
554 46 258 
555 82 145 
556 49 1 
557 76 207 
558 51 64 
559 63 114 
560 20 160 
561 56 109 
562 88 4 
563 12 63 
564 11 194 
565 22 247 
566 34 210 
567 64 155 
568 52 95 
569 71 97 
570 4 252 
571 93 53 
572 4 68 
573 11 107 
574 32 73 
575 72 103 
576 84 27 
577 11 23 
578 31 274 
579 37 193 
580 20 258 
581 91 53 
582 67 6 
583 7 170 
584 1 277 
585 18 204 
586 80 10 
587 8 283 
588 78 18 
589 89 261 
590 42 61 
591 63 177 
592 39 25 
593 99 221 
594 98 35 
595 13 269 
596 44 55 
597 21 263 
598 61 279 
599 32 213 
600 7 150 
601 68 286 
602 11 176 
603 21 40 
604 45 161 
605 100 139 
606 21 114 
607 15 112 
608 38 266 
609 32 188 
610 52 197 
611 56 96 
612 51 229 
613 58 63 
614 7 241 
615 75 266 
616 42 143 
617 51 53 
618 18 23 
619 92 14 
620 84 144 
621 52 156 
622 9 219 
623 67 147 
624 84 51 
625 86 235 
626 47 241 
627 82 249 
628 21 139 
629 12 180 
630 32 286 
631 45 273 
632 28 147 
633 25 197 
634 70 169 
635 11 53 
636 64 114 
637 8 72 
638 32 175 
639 18 215 
640 25 3 
641 2 223 
642 96 283 
643 23 216 
644 74 234 
645 95 5 
646 72 291 
647 77 99 
648 38 54 
649 48 7 
650 74 10 
651 59 37 
652 23 18 
653 8 155 
654 92 78 
655 21 168 
656 32 74 
657 42 179 
658 9 65 
659 47 282 
660 98 293 
661 38 269 
662 84 66 
663 20 121 
664 71 219 
665 27 144 
666 28 237 
667 32 50 
668 54 92 
669 56 198 
670 69 129 
671 17 52 
672 54 259 
673 83 62 
674 75 129 
675 95 72 
676 21 184 
677 93 156 
678 50 264 
679 76 172 
680 82 154 
681 16 161 
682 42 247 
683 62 96 
684 38 270 
685 45 258 
686 98 213 
687 62 103 
688 23 44 
689 65 297 
690 72 11 
691 21 44 
692 95 265 
693 100 196 
694 80 227 
695 67 213 
696 81 82 
697 73 222 
698 81 34 
699 69 118 
700 3 165 
701 28 152 
702 30 189 
703 55 52 
704 32 171 
705 49 155 
706 81 221 
707 50 75 
708 85 201 
709 70 164 
710 80 37 
711 76 260 
712 70 200 
713 33 250 
714 33 54 
715 20 288 
716 70 247 
717 91 99 
718 87 197 
719 51 170 
720 67 251 
721 76 300 
722 23 25 
723 26 107 
724 78 148 
725 22 157 
726 36 149 
727 68 105 
728 48 152 
729 7 32 
730 5 226 
731 71 227 
732 24 262 
733 25 110 
734 10 227 
735 79 277 
736 29 54 
737 28 151 
738 30 153 
739 9 159 
740 100 82 
741 15 235 
742 30 182 
743 92 29 
744 34 198 
745 13 290 
746 75 183 
747 16 98 
748 96 293 
749 59 106 
750 71 289 
751 34 200 
752 94 161 
753 2 275 
754 65 163 
755 34 65 
756 44 148 
757 51 226 
758 82 142 
759 54 167 
760 39 118 
761 8 265 
762 1 176 
763 62 248 
764 68 72 
765 5 190 
766 12 290 
767 89 205 
768 2 243 
769 80 267 
770 5 65 
771 83 100 
772 12 133 
773 25 45 
774 75 31 
775 11 65 
776 48 171 
777 30 200 
778 46 143 
779 100 213 
780 67 4 
781 2 78 
782 94 243 
783 83 195 
784 37 214 
785 13 41 
786 78 295 
787 92 241 
788 80 217 
789 86 206 
790 99 248 
791 70 198 
792 18 51 
793 98 215 
794 46 297 
795 27 212 
796 52 281 
797 89 97 
798 75 23 
799 44 211 
800 88 256 
801 3 265 
802 3 246 
803 58 182 
804 62 295 
805 87 212 
806 94 108 
807 10 164 
808 11 259 
809 78 156 
810 7 257 
811 19 58 
812 89 159 
813 55 263 
814 34 198 
815 25 221 
816 5 279 
817 38 207 
818 24 247 
819 40 138 
820 41 278 
821 49 234 
822 38 210 
823 97 48 
824 68 227 
825 55 174 
826 83 73 
827 84 171 
828 83 138 
829 85 216 
830 87 109 
831 89 291 
832 87 126 
833 50 62 
834 72 89 
835 99 64 
836 19 300 
837 49 256 
838 9 146 
839 3 77 
840 24 257 
841 2 6 
842 81 285 
843 76 63 
844 74 60 
845 31 260 
846 20 219 
847 3 6 
848 96 252 
849 67 219 
850 92 18 
851 82 210 
852 17 30 
853 65 225 
854 27 167 
855 53 50 
856 75 55 
857 7 7 
858 91 282 
859 22 265 
860 93 152 
861 76 64 
862 22 278 
863 69 269 
864 81 188 
865 87 73 
866 57 220 
867 82 273 
868 1 199 
869 49 280 
870 17 2 
871 29 44 
872 8 188 
873 50 250 
874 21 171 
875 14 14 
876 74 242 
877 77 195 
878 19 198 
879 63 200 
880 37 101 
881 24 93 
882 72 57 
883 17 73 
884 55 65 
885 52 72 
886 18 132 
887 67 225 
888 19 216 
889 75 240 
890 39 140 
891 5 212 
892 81 133 
893 59 52 
894 30 73 
895 3 218 
896 74 26 
897 62 245 
898 82 230 
899 69 89 
900 95 120 
901 12 112 
902 52 78 
903 89 22 
904 45 263 
905 13 183 
906 2 17 
907 95 235 
908 50 253 
909 86 231 
910 77 288 
911 1 250 
912 65 14 
913 47 198 
914 44 15 
915 86 238 
916 35 249 
917 1 138 
918 78 189 
919 11 123 
920 3 224 
921 5 57 
922 40 151 
923 91 141 
924 55 28 
925 24 232 
926 67 24 
927 81 131 
928 37 179 
929 80 280 
930 94 118 
931 69 80 
932 66 122 
933 69 144 
934 62 179 
935 66 265 
936 54 22 
937 21 146 
938 73 63 
939 86 27 
940 90 161 
941 58 156 
942 84 191 
943 38 273 
944 69 169 
945 4 14 
946 86 25 
947 93 104 
948 46 113 
949 47 207 
950 44 264 
951 23 197 
952 37 243 
953 42 209 
954 5 80 
955 88 146 
956 40 297 
957 53 176 
958 39 142 
959 100 8 
960 11 255 
961 73 48 
962 79 218 
963 51 176 
964 30 149 
965 35 73 
966 64 57 
967 70 201 
968 52 63 
969 61 108 
970 94 148 
971 54 186 
972 97 58 
973 13 135 
974 100 12 
975 94 262 
976 66 267 
977 9 297 
978 84 212 
979 24 213 
980 60 58 
981 38 276 
982 67 59 
983 76 218 
984 21 88 
985 25 15 
986 88 30 
987 52 184 
988 88 64 
989 18 39 
990 75 212 
991 52 92 
992 78 60 
993 40 113 
994 23 64 
995 25 135 
996 21 114 
997 10 287 
998 72 37 
999 56 293 
1000 24 281 
Result(Processing time in miliseconds / Maximum benefit value)
                       Greedy     DP      B&B
Number of Items(100)    0/10     0/0     0/0
Number of Items(1000)    0/10     0/0     0/0
Number of Items(2000)    0/0     0/0     0/0
Number of Items(4000)    0/0     0/0     0/0
Number of Items(6000)    0/0     0/0     0/0
Number of Items(8000)    0/0     0/0     0/0
Number of Items(10000)    0/0     0/0     0/0
Number of Items(12000)    0/0     0/0     0/0
[DEBUG] items, max: 100 4000
0 0 0 
1 52 87 
2 46 180 
3 95 243 
4 44 29 
5 35 183 
6 71 291 
7 14 143 
8 70 142 
9 63 200 
10 68 137 
11 2 12 
12 24 288 
13 28 277 
14 16 284 
15 63 154 
16 31 67 
17 40 76 
18 98 187 
19 19 41 
20 67 5 
21 23 237 
22 48 188 
23 79 117 
24 29 293 
25 68 48 
26 30 169 
27 11 5 
28 9 138 
29 33 224 
30 74 96 
31 30 104 
32 62 121 
33 32 159 
34 7 2 
35 51 274 
36 58 173 
37 62 105 
38 12 93 
39 74 140 
40 37 41 
41 39 18 
42 10 50 
43 23 118 
44 39 55 
45 93 112 
46 50 222 
47 68 63 
48 43 199 
49 73 101 
50 100 275 
51 26 257 
52 47 88 
53 14 258 
54 32 87 
55 49 68 
56 27 140 
57 86 88 
58 89 108 
59 57 179 
60 14 102 
61 91 64 
62 23 10 
63 78 117 
64 8 203 
65 18 159 
66 77 43 
67 15 76 
68 82 280 
69 33 113 
70 66 234 
71 33 245 
72 73 70 
73 84 13 
74 77 93 
75 43 90 
76 94 285 
77 5 216 
78 94 135 
79 85 201 
80 37 2 
81 59 213 
82 96 226 
83 88 30 
84 5 73 
85 94 23 
86 58 126 
87 19 182 
88 95 102 
89 46 123 
90 94 188 
91 65 139 
92 73 221 
93 7 166 
94 55 191 
95 19 91 
96 44 229 
97 56 39 
98 54 95 
99 20 111 
100 67 14 
[DEBUG] items, max: 1000 40000
0 0 0 
1 33 276 
2 91 203 
3 57 138 
4 4 102 
5 12 250 
6 90 28 
7 88 162 
8 49 194 
9 79 3 
10 84 197 
11 46 27 
12 26 253 
13 18 31 
14 47 289 
15 41 266 
16 54 25 
17 41 297 
18 27 98 
19 34 283 
20 99 197 
21 32 240 
22 25 71 
23 53 173 
24 65 232 
25 27 100 
26 80 72 
27 79 57 
28 76 48 
29 88 123 
30 36 280 
31 88 90 
32 57 28 
33 86 35 
34 77 271 
35 17 76 
36 19 300 
37 67 143 
38 71 220 
39 67 87 
40 3 46 
41 86 82 
42 69 116 
43 39 245 
44 63 278 
45 67 199 
46 57 206 
47 40 65 
48 33 177 
49 100 110 
50 99 116 
51 37 117 
52 68 3 
53 12 290 
54 74 130 
55 76 176 
56 75 13 
57 58 96 
58 29 148 
59 40 291 
60 25 158 
61 41 81 
62 63 32 
63 98 295 
64 8 297 
65 56 158 
66 64 144 
67 27 31 
68 47 38 
69 20 120 
70 19 147 
71 96 146 
72 60 5 
73 41 288 
74 52 32 
75 78 276 
76 89 271 
77 8 251 
78 2 5 
79 97 262 
80 53 205 
81 19 217 
82 48 145 
83 99 246 
84 34 71 
85 18 205 
86 17 165 
87 50 76 
88 69 42 
89 15 72 
90 25 93 
91 99 65 
92 15 258 
93 67 116 
94 15 63 
95 29 67 
96 19 248 
97 35 67 
98 44 34 
99 64 130 
100 4 181 
101 34 72 
102 45 135 
103 48 265 
104 28 262 
105 36 52 
106 6 186 
107 16 272 
108 44 182 
109 88 158 
110 96 268 
111 76 15 
112 67 11 
113 33 111 
114 44 196 
115 92 199 
116 29 25 
117 70 173 
118 11 169 
119 90 138 
120 83 225 
121 41 288 
122 11 108 
123 60 6 
124 89 99 
125 63 36 
126 18 138 
127 2 85 
128 48 286 
129 95 243 
130 82 238 
131 41 62 
132 62 163 
133 86 224 
134 31 175 
135 13 213 
136 100 53 
137 53 262 
138 60 264 
139 67 200 
140 14 181 
141 87 231 
142 18 89 
143 15 218 
144 74 261 
145 60 7 
146 98 53 
147 20 211 
148 15 106 
149 34 245 
150 80 246 
151 10 131 
152 50 162 
153 92 261 
154 25 110 
155 12 238 
156 90 199 
157 68 60 
158 39 183 
159 77 164 
160 95 188 
161 23 93 
162 40 42 
163 3 206 
164 99 189 
165 51 179 
166 86 60 
167 9 288 
168 73 153 
169 48 97 
170 62 212 
171 34 4 
172 62 253 
173 63 252 
174 87 91 
175 15 82 
176 78 89 
177 26 270 
178 83 280 
179 75 81 
180 68 77 
181 59 106 
182 88 20 
183 93 160 
184 72 92 
185 56 133 
186 3 41 
187 36 216 
188 94 250 
189 67 232 
190 40 34 
191 13 18 
192 22 290 
193 39 56 
194 70 213 
195 37 189 
196 90 147 
197 94 177 
198 18 138 
199 37 89 
200 30 44 
201 74 284 
202 85 161 
203 100 130 
204 11 66 
205 61 202 
206 99 126 
207 71 273 
208 15 9 
209 28 136 
210 74 216 
211 25 263 
212 15 70 
213 91 32 
214 8 279 
215 73 189 
216 23 146 
217 24 159 
218 58 175 
219 88 220 
220 41 100 
221 22 91 
222 77 92 
223 15 144 
224 53 195 
225 79 126 
226 10 3 
227 40 276 
228 25 30 
229 60 84 
230 9 232 
231 24 83 
232 29 247 
233 41 186 
234 22 280 
235 58 114 
236 31 31 
237 56 108 
238 22 71 
239 51 26 
240 17 281 
241 51 126 
242 36 290 
243 54 160 
244 72 213 
245 43 132 
246 44 266 
247 14 24 
248 64 206 
249 61 85 
250 85 118 
251 50 15 
252 48 258 
253 74 22 
254 80 176 
255 99 96 
256 57 250 
257 21 192 
258 91 126 
259 51 114 
260 38 45 
261 45 233 
262 62 158 
263 8 25 
264 15 269 
265 62 299 
266 38 163 
267 66 38 
268 20 239 
269 59 199 
270 15 209 
271 94 23 
272 58 267 
273 14 201 
274 92 16 
275 14 182 
276 60 11 
277 14 173 
278 20 174 
279 97 35 
280 42 110 
281 33 31 
282 73 150 
283 68 92 
284 41 178 
285 91 255 
286 87 284 
287 77 296 
288 2 242 
289 96 94 
290 57 262 
291 75 68 
292 24 140 
293 40 243 
294 65 188 
295 77 206 
296 98 62 
297 89 270 
298 63 56 
299 13 103 
300 34 103 
301 9 72 
302 39 137 
303 67 140 
304 78 15 
305 85 86 
306 76 11 
307 5 299 
308 3 144 
309 93 267 
310 84 22 
311 25 133 
312 35 213 
313 2 97 
314 20 214 
315 100 253 
316 69 60 
317 24 259 
318 97 143 
319 50 274 
320 57 135 
321 12 132 
322 97 16 
323 82 99 
324 12 226 
325 18 295 
326 47 94 
327 27 133 
328 6 280 
329 30 25 
330 45 181 
331 30 13 
332 40 105 
333 23 188 
334 47 173 
335 14 103 
336 7 25 
337 86 255 
338 40 219 
339 6 251 
340 45 223 
341 97 143 
342 16 175 
343 76 73 
344 54 257 
345 49 99 
346 37 230 
347 63 128 
348 35 186 
349 68 33 
350 10 281 
351 36 116 
352 5 173 
353 22 96 
354 92 227 
355 47 288 
356 49 95 
357 30 216 
358 70 157 
359 88 175 
360 13 189 
361 73 1 
362 18 188 
363 81 152 
364 25 248 
365 85 234 
366 28 72 
367 1 232 
368 96 222 
369 79 139 
370 49 177 
371 26 49 
372 72 8 
373 65 293 
374 64 4 
375 67 29 
376 92 192 
377 29 10 
378 79 261 
379 13 255 
380 8 149 
381 40 187 
382 72 40 
383 18 268 
384 13 249 
385 6 213 
386 25 284 
387 62 96 
388 91 278 
389 88 206 
390 81 255 
391 86 225 
392 46 15 
393 34 276 
394 27 198 
395 82 235 
396 47 221 
397 21 18 
398 60 291 
399 85 24 
400 39 143 
401 37 63 
402 26 198 
403 11 168 
404 27 50 
405 73 259 
406 4 111 
407 83 201 
408 77 168 
409 28 203 
410 66 209 
411 89 164 
412 29 10 
413 81 140 
414 52 218 
415 64 42 
416 60 100 
417 56 237 
418 49 118 
419 4 275 
420 68 228 
421 33 223 
422 38 116 
423 24 214 
424 35 103 
425 69 100 
426 12 57 
427 63 140 
428 18 196 
429 32 169 
430 13 195 
431 62 224 
432 94 170 
433 60 42 
434 87 15 
435 68 154 
436 94 300 
437 29 84 
438 67 252 
439 97 202 
440 54 165 
441 53 117 
442 22 68 
443 9 91 
444 63 40 
445 60 127 
446 34 273 
447 2 279 
448 42 261 
449 20 181 
450 27 139 
451 86 20 
452 38 214 
453 3 57 
454 17 152 
455 58 271 
456 68 62 
457 39 41 
458 29 147 
459 32 143 
460 86 143 
461 21 119 
462 15 122 
463 97 9 
464 82 168 
465 41 160 
466 6 26 
467 32 196 
468 40 86 
469 52 208 
470 37 261 
471 30 57 
472 74 69 
473 97 203 
474 15 280 
475 97 101 
476 22 118 
477 71 289 
478 39 120 
479 49 73 
480 87 289 
481 84 45 
482 66 215 
483 92 57 
484 1 295 
485 65 289 
486 7 194 
487 45 80 
488 62 194 
489 34 229 
490 73 131 
491 81 295 
492 100 51 
493 35 290 
494 70 83 
495 62 209 
496 23 46 
497 5 188 
498 12 296 
499 45 12 
500 90 209 
501 1 296 
502 54 97 
503 27 168 
504 90 161 
505 96 215 
506 91 176 
507 61 42 
508 78 295 
509 31 148 
510 29 145 
511 8 251 
512 90 112 
513 90 201 
514 7 134 
515 65 148 
516 94 17 
517 95 300 
518 65 21 
519 67 155 
520 81 262 
521 21 223 
522 89 81 
523 16 166 
524 27 47 
525 65 255 
526 91 172 
527 5 132 
528 35 94 
529 84 193 
530 80 48 
531 92 125 
532 16 286 
533 24 281 
534 7 290 
535 87 239 
536 3 7 
537 14 191 
538 39 229 
539 57 265 
540 75 173 
541 19 217 
542 45 175 
543 48 131 
544 20 132 
545 24 51 
546 31 115 
547 76 47 
548 53 51 
549 27 159 
550 93 213 
551 49 95 
552 71 114 
553 38 109 
554 43 94 
555 73 69 
556 18 43 
557 86 62 
558 69 85 
559 45 288 
560 16 268 
561 91 199 
562 34 18 
563 45 286 
564 68 23 
565 96 160 
566 35 97 
567 7 257 
568 10 44 
569 17 4 
570 89 241 
571 73 206 
572 83 110 
573 20 251 
574 94 264 
575 90 162 
576 83 132 
577 60 116 
578 49 56 
579 54 217 
580 78 49 
581 28 64 
582 97 134 
583 20 107 
584 29 136 
585 10 117 
586 76 234 
587 75 110 
588 43 94 
589 12 289 
590 9 153 
591 2 143 
592 85 261 
593 10 133 
594 68 163 
595 1 145 
596 64 229 
597 8 160 
598 14 227 
599 66 43 
600 14 128 
601 11 241 
602 61 285 
603 50 156 
604 30 213 
605 44 290 
606 65 97 
607 32 49 
608 57 142 
609 82 176 
610 56 282 
611 20 71 
612 62 227 
613 31 76 
614 5 248 
615 70 70 
616 75 80 
617 10 188 
618 17 111 
619 43 298 
620 23 186 
621 40 87 
622 82 171 
623 36 90 
624 64 69 
625 65 172 
626 2 36 
627 42 64 
628 62 172 
629 39 218 
630 72 60 
631 87 246 
632 91 296 
633 33 59 
634 58 175 
635 57 180 
636 12 96 
637 18 145 
638 18 205 
639 86 134 
640 73 2 
641 5 127 
642 37 246 
643 90 50 
644 70 80 
645 67 41 
646 39 253 
647 38 29 
648 100 223 
649 88 157 
650 49 196 
651 88 261 
652 43 106 
653 57 60 
654 62 195 
655 93 87 
656 96 249 
657 13 285 
658 47 102 
659 34 116 
660 33 1 
661 8 71 
662 5 297 
663 51 5 
664 19 290 
665 13 68 
666 37 53 
667 80 279 
668 58 288 
669 39 271 
670 82 283 
671 57 78 
672 84 269 
673 14 230 
674 22 147 
675 97 54 
676 99 56 
677 76 256 
678 52 27 
679 12 271 
680 68 224 
681 38 5 
682 76 169 
683 83 185 
684 56 73 
685 56 38 
686 8 212 
687 67 91 
688 33 280 
689 72 54 
690 78 220 
691 60 77 
692 75 35 
693 32 26 
694 13 43 
695 96 233 
696 18 85 
697 37 46 
698 53 271 
699 30 109 
700 44 137 
701 98 203 
702 1 64 
703 45 33 
704 95 168 
705 38 272 
706 87 49 
707 48 61 
708 84 131 
709 86 248 
710 25 134 
711 80 243 
712 18 168 
713 88 171 
714 39 269 
715 31 234 
716 6 228 
717 88 258 
718 43 232 
719 90 137 
720 99 179 
721 8 185 
722 28 208 
723 97 63 
724 90 82 
725 62 15 
726 15 242 
727 9 185 
728 9 48 
729 7 299 
730 16 137 
731 32 173 
732 16 119 
733 30 210 
734 2 171 
735 46 200 
736 2 205 
737 36 29 
738 64 184 
739 43 254 
740 66 204 
741 68 232 
742 97 28 
743 16 58 
744 75 274 
745 56 90 
746 62 288 
747 15 29 
748 58 144 
749 38 260 
750 67 35 
751 11 168 
752 40 99 
753 48 103 
754 82 90 
755 56 299 
756 45 75 
757 83 242 
758 2 150 
759 51 228 
760 24 106 
761 18 285 
762 45 32 
763 14 3 
764 27 3 
765 14 293 
766 38 276 
767 60 277 
768 74 159 
769 31 108 
770 100 239 
771 6 45 
772 65 140 
773 38 219 
774 90 88 
775 46 113 
776 45 215 
777 49 90 
778 46 214 
779 44 225 
780 17 157 
781 69 254 
782 32 181 
783 82 258 
784 39 164 
785 65 39 
786 2 222 
787 35 219 
788 62 172 
789 37 103 
790 11 282 
791 15 255 
792 97 115 
793 44 194 
794 29 187 
795 70 245 
796 95 139 
797 98 279 
798 19 231 
799 36 57 
800 94 52 
801 47 248 
802 25 281 
803 66 138 
804 4 2 
805 40 214 
806 83 206 
807 21 231 
808 21 264 
809 25 101 
810 3 294 
811 45 49 
812 84 294 
813 27 202 
814 24 14 
815 11 69 
816 65 209 
817 16 142 
818 90 181 
819 31 93 
820 82 271 
821 59 217 
822 28 279 
823 99 300 
824 94 23 
825 100 196 
826 69 196 
827 45 252 
828 89 23 
829 6 164 
830 37 216 
831 85 153 
832 24 300 
833 94 65 
834 81 25 
835 10 114 
836 47 268 
837 82 26 
838 46 281 
839 26 239 
840 55 125 
841 87 123 
842 73 183 
843 27 13 
844 5 32 
845 77 241 
846 99 213 
847 94 174 
848 12 139 
849 39 144 
850 15 200 
851 10 261 
852 67 143 
853 87 164 
854 23 64 
855 2 230 
856 40 40 
857 4 12 
858 22 230 
859 25 127 
860 13 253 
861 19 63 
862 65 212 
863 89 128 
864 3 227 
865 72 17 
866 78 33 
867 30 44 
868 75 68 
869 7 298 
870 31 60 
871 79 122 
872 100 82 
873 34 73 
874 64 210 
875 51 76 
876 62 70 
877 91 78 
878 33 179 
879 5 135 
880 57 228 
881 4 34 
882 60 233 
883 77 187 
884 100 35 
885 36 182 
886 94 214 
887 3 245 
888 95 188 
889 18 58 
890 97 268 
891 86 10 
892 37 76 
893 39 70 
894 6 96 
895 56 162 
896 23 159 
897 95 35 
898 91 23 
899 21 142 
900 57 208 
901 75 150 
902 21 130 
903 95 115 
904 17 164 
905 25 166 
906 31 162 
907 75 168 
908 89 14 
909 89 294 
910 61 244 
911 55 235 
912 55 49 
913 69 297 
914 23 241 
915 91 179 
916 48 265 
917 80 20 
918 46 174 
919 35 163 
920 89 111 
921 28 220 
922 72 254 
923 39 260 
924 19 127 
925 53 179 
926 22 159 
927 14 276 
928 59 134 
929 25 81 
930 27 215 
931 59 26 
932 31 90 
933 46 77 
934 16 232 
935 39 104 
936 94 18 
937 23 65 
938 23 161 
939 76 94 
940 39 80 
941 24 161 
942 38 189 
943 88 248 
944 23 264 
945 28 201 
946 78 38 
947 26 109 
948 27 23 
949 85 142 
950 54 175 
951 46 47 
952 44 20 
953 63 266 
954 81 290 
955 59 219 
956 69 83 
957 31 58 
958 71 71 
959 5 45 
960 34 32 
961 45 264 
962 21 223 
963 72 248 
964 45 8 
965 41 251 
966 82 86 
967 97 125 
968 58 212 
969 90 38 
970 1 201 
971 8 270 
972 35 191 
973 79 57 
974 13 84 
975 54 46 
976 67 98 
977 9 288 
978 72 132 
979 87 69 
980 39 127 
981 19 20 
982 65 67 
983 96 122 
984 78 286 
985 11 179 
986 38 218 
987 100 24 
988 60 30 
989 80 172 
990 13 233 
991 70 32 
992 83 278 
993 19 206 
994 10 57 
995 74 300 
996 83 292 
997 20 147 
998 11 215 
999 20 88 
1000 52 230 
Result(Processing time in miliseconds / Maximum benefit value)
                       Greedy     DP      B&B
Number of Items(100)    1/10     0/0     0/0
Number of Items(1000)    0/10     0/0     0/0
Number of Items(2000)    0/0     0/0     0/0
Number of Items(4000)    0/0     0/0     0/0
Number of Items(6000)    0/0     0/0     0/0
Number of Items(8000)    0/0     0/0     0/0
Number of Items(10000)    0/0     0/0     0/0
Number of Items(12000)    0/0     0/0     0/0
